>abd-A 8	PSEUDO_COUNT 0.05
5	2	13 	17
10	15	3 	9
22	15	0 	0
36	0	0 	1
0	0	0 	37
11	2	0 	24
33	1	0 	3
18	2	4 	13
<
>Abd-B 8	PSEUDO_COUNT 0.05
1	2	0 	4
1	5	1 	0
6	0	1 	0
0	0	0 	7
7	0	0 	0
7	0	0 	0
6	0	0 	1
5	0	1 	1
<
>Adf1 8	PSEUDO_COUNT 0.05
1	6	0 	0
0	0	7 	0
5	0	2 	0
0	6	0 	1
0	4	0 	3
0	0	7 	0
0	7	0 	0
2	0	5 	0
<
>Antp 6	PSEUDO_COUNT 0.05
8	0	0 	4
0	0	0 	12
11	0	1 	0
12	0	0 	0
0	0	3 	9
3	0	0 	9
<
>ap 6	PSEUDO_COUNT 0.05
1	4	2 	5
12	0	0 	0
12	0	0 	0
0	1	1 	10
4	3	1 	4
11	0	1 	0
<
>bab1 10	PSEUDO_COUNT 0.05
1	0	0 	5
6	0	0 	0
0	0	0 	6
2	0	0 	4
4	0	1 	1
2	0	0 	4
0	0	0 	6
3	0	3 	0
0	0	0 	6
0	0	1 	5
<
>bcd 8	PSEUDO_COUNT 0.05
9	18	3 	18
8	3	1 	36
45	1	1 	1
47	0	1 	0
1	0	16 	31
1	44	0 	3
2	26	3 	17
5	12	18 	13
<
>bin 10	PSEUDO_COUNT 0.05
0	0	0 	5
4	0	0 	1
4	0	0 	1
4	1	0 	0
0	5	0 	0
5	0	0 	0
3	0	2 	0
2	2	1 	0
0	0	5 	0
4	0	1 	0
<
>brk 8	PSEUDO_COUNT 0.05
1	5	4 	0
0	4	0 	6
0	0	10 	0
0	0	10 	0
0	10	0 	0
1	0	9 	0
1	8	0 	1
0	5	1 	4
<
>br-Z1 8	PSEUDO_COUNT 0.05
12	0	2 	3
12	2	3 	0
9	0	0 	8
0	3	0 	14
14	0	2 	1
1	4	9 	3
11	3	2 	1
16	1	0 	0
<
>br-Z2 8	PSEUDO_COUNT 0.05
7	3	1 	10
0	15	4 	2
0	0	0 	21
21	0	0 	0
1	0	5 	15
2	5	5 	9
12	1	1 	7
11	4	1 	5
<
>br-Z3 8	PSEUDO_COUNT 0.05
7	3	3 	3
12	1	0 	3
10	0	6 	0
1	11	0 	4
0	0	1 	15
7	0	3 	6
0	0	10 	6
0	0	1 	15
<
>br-Z4 6	PSEUDO_COUNT 0.05
5	0	3 	0
2	5	0 	1
1	0	0 	7
8	0	0 	0
8	0	0 	0
1	0	0 	7
<
>byn 8	PSEUDO_COUNT 0.05
8	0	0 	1
4	0	2 	3
0	0	8 	1
0	1	0 	8
0	0	9 	0
1	7	0 	1
3	0	4 	2
7	0	0 	2
<
>cad 9	PSEUDO_COUNT 0.05
0	5	3 	5
2	0	3 	8
0	0	0 	13
1	0	0 	12
6	2	1 	4
0	4	3 	6
3	1	9 	0
7	3	2 	1
0	4	0 	9
<
>Deaf1 6	PSEUDO_COUNT 0.05
0	3	0 	7
0	0	0 	10
0	10	0 	0
0	0	10 	0
0	0	5 	5
1	3	4 	2
<
>Dfd 8	PSEUDO_COUNT 0.05
1	2	2 	11
1	0	0 	15
15	1	0 	0
15	1	0 	0
0	0	0 	16
1	0	5 	10
8	0	6 	2
0	5	2 	9
<
>dl 10	PSEUDO_COUNT 0.05
2	8	22 	6
8	4	26 	0
3	0	34 	1
33	1	4 	0
34	2	0 	2
36	0	1 	1
24	1	2 	11
4	12	3 	19
8	23	2 	5
8	24	4 	2
<
>Dref 12	PSEUDO_COUNT 0.05
3	0	1 	4
2	2	2 	2
4	0	0 	4
0	0	0 	8
8	0	0 	0
0	0	0 	8
0	8	0 	0
0	0	8 	0
6	2	0 	0
2	1	0 	5
5	1	1 	1
4	1	3 	0
<
>Dstat	9	PSEUDO_COUNT 1.0
0	0	0	30
0	0	0	30
0	30	0	0
2	21	4	3
4	14	11	1
3	4	20	3
0	0	30	0
30	0	0	0
30	0	0	0
<
>Eip74EF 10	PSEUDO_COUNT 0.05
6	0	1 	1
2	5	0 	1
0	0	0 	8
0	0	0 	8
0	7	1 	0
0	7	0 	1
0	0	2 	6
0	0	5 	3
2	0	2 	4
2	0	1 	5
<
>en 8	PSEUDO_COUNT 0.05
20	3	18 	12
5	15	12 	21
7	7	0 	39
38	0	4 	11
52	0	0 	1
0	2	2 	49
0	6	14 	33
27	0	26 	0
<
>eve 12	PSEUDO_COUNT 0.05
6	8	0 	5
0	3	10 	6
2	5	3 	9
3	0	0 	16
16	0	2 	1
19	0	0 	0
0	5	0 	14
3	4	5 	7
7	0	6 	6
3	0	2 	14
1	0	7 	11
0	6	1 	12
<
>exd 10	PSEUDO_COUNT 0.05
0	0	1 	5
1	0	0 	5
0	0	0 	6
1	2	1 	2
2	0	3 	1
3	0	0 	3
1	1	1 	3
0	2	1 	3
2	0	0 	4
3	1	1 	1
<
>ftz 8	PSEUDO_COUNT 0.05
19	4	31 	12
16	14	22 	14
7	40	6 	13
39	25	0 	2
56	9	0 	1
6	0	0 	60
11	7	2 	46
54	3	3 	6
<
>gl 12	PSEUDO_COUNT 0.05
5	0	0 	0
0	0	1 	4
0	0	0 	5
0	0	1 	4
1	2	2 	0
4	1	0 	0
3	0	0 	2
0	0	4 	1
1	1	2 	1
3	0	2 	0
0	0	0 	5
2	1	0 	2
<
>grh 10	PSEUDO_COUNT 0.05
2	6	0 	0
0	1	0 	7
0	0	6 	2
1	0	6 	1
0	1	0 	7
0	0	0 	8
0	3	1 	4
2	1	1 	4
3	2	3 	0
1	3	0 	4
<
>gt 12	PSEUDO_COUNT 0.05
3	0	0 	5
0	0	1 	7
5	0	2 	1
0	0	0 	8
0	0	5 	3
6	2	0 	0
0	5	2 	1
0	0	4 	4
0	3	0 	5
5	0	0 	3
5	1	0 	2
2	0	1 	5
<
>hb 8	PSEUDO_COUNT 0.05
17	13	7 	66
0	0	3 	100
1	5	1 	96
0	1	0 	102
0	0	0 	103
1	4	0 	98
59	7	29 	8
20	17	14 	52
<
>His2B 18	PSEUDO_COUNT 0.05
5	0	0 	0
0	0	1 	4
0	5	0 	0
0	2	2 	1
1	3	1 	0
0	1	3 	1
1	2	2 	0
0	0	5 	0
3	2	0 	0
0	0	0 	5
0	1	0 	4
4	0	0 	1
0	1	4 	0
0	1	4 	0
0	0	0 	5
3	0	0 	2
4	1	0 	0
0	4	1 	0
<
>Hsf 14	PSEUDO_COUNT 0.05
0	0	0 	5
0	5	0 	0
0	0	2 	3
3	2	0 	0
0	0	5 	0
4	0	0 	1
4	0	0 	1
1	1	2 	1
2	1	0 	2
0	0	0 	5
0	0	0 	5
0	5	0 	0
0	0	3 	2
3	2	0 	0
<
>kni 10	PSEUDO_COUNT 0.05
1	1	18 	0
11	1	2 	6
3	3	5 	9
0	19	0 	1
0	5	6 	9
7	11	1 	1
8	4	4 	4
6	2	2 	10
0	1	1 	18
1	5	1 	13
<
>Kr 10	PSEUDO_COUNT 0.05
37	0	4 	3
33	6	1 	4
20	11	9 	4
2	0	40 	2
4	1	37 	2
6	3	35 	0
1	3	4 	36
8	4	4 	28
28	6	5 	5
16	8	5 	15
<
>Mad 10	PSEUDO_COUNT 0.05
1	12	5 	2
1	5	7 	7
3	0	16 	1
3	8	8 	1
0	16	1 	3
0	0	20 	0
6	2	6 	6
0	15	4 	1
5	0	15 	0
1	15	0 	4
<
>Med 12	PSEUDO_COUNT 0.05
0	1	5 	2
0	7	0 	1
0	0	8 	0
1	2	3 	2
0	8	0 	0
2	0	3 	3
0	0	5 	3
0	1	4 	3
1	4	3 	0
3	2	1 	2
3	1	3 	1
0	1	1 	6
<
>ovo 8	PSEUDO_COUNT 0.05
0	12	0 	0
3	6	0 	3
0	0	12 	0
0	1	0 	11
0	0	0 	12
11	0	1 	0
2	7	1 	2
5	2	0 	5
<
>pan 8	PSEUDO_COUNT 0.05
4	10	3 	8
2	3	0 	20
2	0	1 	22
2	0	0 	23
0	2	20 	3
17	0	5 	3
8	0	0 	17
7	11	3 	4
<
>pho 14	PSEUDO_COUNT 0.05
2	0	3 	0
0	3	2 	0
1	2	1 	1
1	0	3 	1
0	0	1 	4
1	1	0 	3
4	0	1 	0
0	0	0 	5
0	0	5 	0
0	0	5 	0
0	5	0 	0
0	1	1 	3
1	1	1 	2
2	3	0 	0
<
>prd 8	PSEUDO_COUNT 0.05
2	9	0 	0
5	5	1 	0
9	0	2 	0
0	0	0 	11
1	0	2 	8
8	1	0 	2
2	7	0 	2
2	4	4 	1
<
>sd 12	PSEUDO_COUNT 0.05
3	0	8 	3
8	1	1 	4
4	8	1 	1
14	0	0 	0
1	1	0 	12
3	0	1 	10
0	8	0 	6
3	5	3 	3
4	1	2 	7
5	6	3 	0
5	1	7 	1
4	3	4 	3
<
>slbo 8	PSEUDO_COUNT 0.05
9	1	1 	1
0	1	0 	11
0	0	3 	9
3	2	7 	0
2	10	0 	0
7	2	2 	1
6	5	1 	0
11	1	0 	0
<
>sna 10	PSEUDO_COUNT 0.05
0	7	3 	1
4	5	1 	1
10	1	0 	0
1	10	0 	0
1	5	0 	5
0	0	0 	11
0	0	10 	1
1	6	0 	4
0	2	2 	7
3	2	3 	3
<
>suHw 18	PSEUDO_COUNT 0.05
2	0	4 	0
2	0	4 	0
1	0	5 	0
0	0	0 	6
6	0	0 	0
0	0	0 	6
0	0	6 	0
0	6	0 	0
6	0	0 	0
5	0	1 	0
0	3	0 	3
1	0	5 	0
2	1	0 	3
4	0	0 	2
2	0	0 	4
3	0	0 	3
0	0	0 	6
0	0	1 	5
<
>tin 12	PSEUDO_COUNT 0.05
0	2	3 	6
0	8	2 	1
0	1	0 	10
0	8	1 	2
11	0	0 	0
11	0	0 	0
0	0	11 	0
0	0	1 	10
0	0	11 	0
1	4	6 	0
2	5	3 	1
2	3	3 	3
<
>tll 7	PSEUDO_COUNT 0.05
25	2	6 	4
26	3	7 	1
27	0	8 	2
8	1	27 	1
0	1	0 	36
1	20	1 	15
28	2	7 	0
<
>toy 12	PSEUDO_COUNT 0.05
0	5	0 	0
1	4	0 	0
2	2	1 	0
1	4	0 	0
0	0	0 	5
0	5	0 	0
5	0	0 	0
0	3	0 	2
0	1	1 	3
0	3	2 	0
3	0	2 	0
0	1	1 	3
<
>Trl 10	PSEUDO_COUNT 0.05
4	22	9 	36
6	23	11 	31
12	6	30 	23
0	64	3 	4
3	0	14 	54
1	70	0 	0
13	0	2 	56
5	54	7 	5
7	13	11 	40
9	33	10 	19
<
>ttk 12	PSEUDO_COUNT 0.05
2	1	4 	0
0	4	2 	1
3	4	0 	0
6	0	1 	0
0	0	7 	0
0	0	7 	0
7	0	0 	0
0	5	0 	2
3	4	0 	0
1	1	0 	5
0	3	1 	3
0	2	3 	2
<
>twi 12	PSEUDO_COUNT 0.05
1	4	3 	7
3	7	3 	2
1	3	10 	1
0	14	1 	0
11	3	1 	0
0	4	1 	10
7	1	5 	2
0	0	0 	15
0	0	12 	3
1	0	2 	12
1	2	2 	10
2	3	8 	2
<
>Ubx 6	PSEUDO_COUNT 0.05
13	26	5 	12
31	19	0 	6
54	0	0 	2
0	0	0 	56
3	2	0 	51
49	0	0 	7
<
>vvl 6	PSEUDO_COUNT 0.05
0	2	0 	9
11	0	0 	0
2	2	0 	7
0	0	6 	5
3	8	0 	0
11	0	0 	0
<
>zen 10	PSEUDO_COUNT 0.05
1	10	1 	0
12	0	0 	0
3	1	0 	8
0	0	0 	12
7	0	0 	5
10	0	0 	2
8	0	0 	4
5	3	2 	2
2	1	0 	9
0	1	2 	9
<
>z 10	PSEUDO_COUNT 0.05
11	3	5 	22
1	7	3 	30
1	0	40 	0
41	0	0 	0
1	0	40 	0
8	10	0 	23
2	6	29 	4
18	7	11 	5
10	5	12 	14
14	6	2 	19
<
